82
96
48
5
83
58
57
48
80
80
85
93
53
22
0
20
29
80
63
89
30
82
70
90
4
42
57
86
11
82
18
69
46
31
23
68
18
0
97
89
23
65
65
26
41
48
94
18
66
16
28
8
69
19
25
57
43
79
25
28
36
46
38
7
36
83
10
59
61
18
21
25
71
56
11
47
74
42
16
87
6
18
30
93
30
17
80
61
96
43
64
36
71
26
64
69
4
7
17
11
49
5
53
29
20
41
35
51
45
28
76
81
63
50
54
70
88
93
13
88
93
87
87
71
90
11
5
5
85
81
32
88
76
2
54
26
64
46
7
92
69
38
85
46
95
49
77
45
31
64
60
83
57
79
56
20
69
9
86
82
59
49
18
20
27
19
91
92
29
86
3
77
10
3
30
7
8
10
15
55
0
13
98
77
62
10
0
92
18
33
59
36
39
26
39
12
87
24
54
52
33
24
38
40
15
39
38
19
42
10
95
0
55
96
93
95
10
78
0
59
75
4
70
13
13
39
5
95
82
89
80
0
65
75
55
92
60
77
78
52
33
13
16
36
65
78
25
80
66
59
47
93
69
47
70
50
64
47
25
65
26
48
72
67
23
25
29
85
71
4
3
76
87
53
50
66
14
21
30
63
63
22
66
99
79
48
83
79
46
83
22
67
61
72
99
41
5
99
79
85
90
87
58
91
8
75
81
42
77
1
68
89
46
60
94
94
23
7
53
57
82
79
72
33
36
88
66
24
96
80
91
71
98
26
15
14
81
24
4
41
81
67
34
15
51
71
20
68
44
53
97
41
62
43
44
93
57
11
91
89
89
78
59
9
55
86
20
27
64
60
55
61
28
65
38
24
29
54
49
48
59
65
93
30
1
57
19
83
73
34
78
8
94
11
34
77
11
20
77
81
47
67
45
69
50
56
85
42
18
22
19
18
67
40
9
47
49
88
28
25
17
54
9
46
69
35
42
98
58
10
67
48
52
21
86
72
52
95
22
11
30
40
26
5
42
60
12
44
79
93
80
56
13
10
24
88
87
38
12
87
7
47
29
84
31
15
46
6
25
55
12
0
9
32
57
30
73
71
83
78
8
23
24
4
3
3
77
33
47
76
94
61
30
19
37
57
69
93
45
27
3
38
19
22
31
41
84
30
85
45
54
83
32
53
9
40
26
99
66
47
84
1
58
34
98
68
4
72
72
62
96
62
55
96
64
82
65
55
51
80
1
31
68
75
76
90
13
99
17
56
79
93
63
29
49
53
50
63
67
13
40
2
18
48
44
18
74
0
60
72
65
82
3
14
39
7
62
67
41
97
38
45
69
94
95
17
58
64
64
45
54
47
36
64
53
91
95
18
85
68
47
41
2
39
24
91
79
43
10
54
16
1
39
59
6
24
65
36
75
49
13
53
49
68
95
98
47
13
18
9
17
67
18
54
12
25
18
68
42
32
79
84
25
77
81
91
24
18
27
62
16
24
74
90
49
8
71
46
40
77
68
70
71
49
92
39
97
54
90
39
4
96
96
24
95
72
1
51
55
50
14
64
27
13
93
96
4
93
61
57
2
58
55
90
3
9
67
55
35
86
92
13
73
95
21
80
19
82
70
6
13
17
4
82
93
3
11
65
52
37
32
70
51
17
44
65
55
67
88
38
53
11
48
16
69
43
93
35
51
48
76
81
54
15
90
94
98
21
23
77
36
54
9
12
90
46
29
51
19
68
69
59
83
50
37
9
69
18
34
45
53
74
38
46
77
53
79
65
0
98
43
99
4
39
4
41
87
85
43
76
46
19
71
87
71
67
30
65
10
36
11
5
34
6
78
76
92
34
70
91
29
79
96
19
96
57
7
80
12
70
23
76
28
54
7
79
22
71
78
15
80
88
7
59
86
24
5
30
48
62
38
27
34
36
0
97
45
49
12
91
5
65
49
57
91
70
97
40
14
91
42
52
62
40
21
60
63
82
57
69
71
64
59
19
79
79
61
38
55
66
48
94
92
98
64
37
20
13
41
16
41
58
43
35
71
64
75
81
57
64
79
15
60
58
27
2
77
56
43
18
19
77
87
5
20
76
95
75
79
24
81
89
70
3
92
64
98
83
57
73
65
30
28
67
4
81
44
44
33
45
26
11
36
15
26
63
39
95
65
34
14
48
76
61
85
23
14
52
79
5
83
75
55
96
39
19
20
65
76
18
47
4
60
81
46
96
34
2
49
53
56
31
49
32
17
52
97
54
72
