882
496
448
305
783
358
557
148
180
580
085
993
853
022
000
320
129
880
463
489
030
582
170
290
004
042
757
486
711
082
018
069
546
331
323
268
418
600
797
489
823
965
665
726
541
248
094
618
266
616
428
408
469
319
225
157
043
879
125
128
436
946
538
707
136
483
610
059
461
818
921
225
571
356
411
047
874
842
516
287
106
818
130
093
630
017
780
561
596
843
664
036
071
126
764
669
104
507
117
911
549
405
553
929
320
041
835
551
945
528
776
681
363
950
054
370
188
693
613
188
993
287
287
971
690
111
905
005
885
681
132
988
376
402
854
726
064
146
507
592
769
338
285
046
095
549
677
545
331
264
860
883
157
079
756
020
169
209
386
782
759
349
218
520
427
119
991
192
629
286
503
177
910
103
030
607
708
110
315
855
600
313
398
577
462
410
100
992
918
433
859
736
639
526
439
112
587
924
054
152
733
324
438
140
315
639
438
219
042
610
295
000
255
996
393
795
110
278
800
659
675
904
070
313
013
039
405
295
982
789
780
500
365
475
355
292
860
177
278
252
333
213
916
736
365
578
925
580
866
359
447
493
369
247
470
650
664
047
925
965
626
448
572
967
723
325
529
685
871
904
003
076
687
553
650
266
714
721
930
263
663
422
266
099
979
348
283
879
146
483
622
367
761
472
799
141
505
699
879
985
290
987
658
791
308
275
781
942
477
701
868
289
346
060
594
294
323
507
653
957
782
779
872
133
036
188
166
724
196
380
891
371
098
326
715
914
081
424
004
441
081
467
634
115
751
771
620
868
044
853
497
041
162
443
544
793
157
711
391
389
589
678
159
509
755
986
620
627
764
660
855
061
728
765
938
724
529
654
349
548
159
965
093
330
901
957
019
083
873
534
678
408
694
011
234
477
811
220
377
681
747
967
245
469
550
156
085
142
618
522
019
218
067
640
609
847
449
188
628
125
417
154
309
046
069
635
242
798
858
510
267
148
152
821
386
772
952
595
422
211
230
940
626
405
342
960
712
344
579
593
880
856
313
610
824
988
87
738
712
587
507
447
329
784
631
115
346
206
925
55
112
700
9
32
157
830
173
271
683
78
708
223
424
404
903
703
977
33
147
676
494
61
330
619
437
657
969
93
845
427
903
638
219
222
431
41
384
930
85
645
954
383
132
653
409
440
926
699
466
147
184
101
958
534
498
768
104
672
472
862
296
562
755
996
264
182
665
55
351
480
401
631
968
75
876
390
113
399
917
356
79
593
663
929
349
953
650
563
67
513
440
202
218
348
44
218
74
400
460
972
965
182
903
914
239
7
762
767
941
997
538
245
769
194
295
317
358
864
764
45
554
347
436
864
953
291
695
318
285
368
47
541
202
339
924
691
479
243
110
54
116
301
139
659
106
724
65
436
775
649
713
553
49
968
195
198
547
213
218
109
717
667
318
354
512
725
918
768
242
832
479
584
525
977
181
391
224
818
927
762
716
524
274
190
449
808
571
846
140
677
768
970
171
149
892
839
697
554
690
239
404
796
796
224
295
772
801
151
155
850
114
64
327
713
393
496
404
93
361
857
502
558
155
590
303
409
267
555
335
686
492
513
873
395
821
180
119
82
970
306
213
117
904
182
993
303
211
965
652
437
832
670
151
617
144
965
955
467
488
138
153
111
548
816
169
743
293
535
951
448
776
581
354
715
890
894
198
221
823
777
436
154
509
712
390
946
129
651
19
668
169
859
983
450
37
309
669
218
34
145
353
974
638
546
677
253
879
465
0
698
843
499
604
739
604
41
887
85
343
876
246
819
371
487
471
67
130
765
610
736
611
305
834
6
578
776
592
534
770
91
529
779
996
819
896
857
507
380
112
770
523
576
28
454
807
979
522
971
978
815
180
688
507
59
86
424
505
230
448
562
438
27
534
636
400
797
145
849
112
291
705
265
649
757
191
370
597
40
14
191
942
452
762
940
221
260
363
282
857
869
371
164
859
219
479
179
61
838
755
766
948
194
492
198
864
337
120
713
841
916
141
158
243
435
971
264
775
781
357
964
979
415
360
758
827
102
577
856
743
118
919
877
787
205
420
76
695
375
879
724
581
389
570
903
192
664
798
483
657
273
765
230
228
367
504
381
344
844
333
345
226
911
736
815
26
363
39
195
265
534
414
248
576
661
285
623
914
652
679
105
483
675
755
196
639
819
820
865
576
918
647
904
60
481
546
996
134
102
949
753
956
31
949
632
317
452
297
754
